[
	{
		"ID":1,		"BoxIds":[1,2,3,4,5,6,7,8,9,10,11,12,13,14,15,16,17,18,19,20,21,22,23,24,25,26,27,28,29,30,31,32]	},
	{
		"ID":2,		"BoxIds":[1,2,3,4,5,9,12,13,14,15,16,17,18,21,23,24,25,26,27,28,30,31,32]	},
	{
		"ID":3,		"BoxIds":[3,4,5,6,7,8,9,10,11,12,13,14,17,18,19,20,21,22,24,26,27,28,31,32]	},
	{
		"ID":4,		"BoxIds":[4,5,6,7,8,9,10,11,12,13,14,18,19,20,21,22,24,28,32]	},
	{
		"ID":5,		"BoxIds":[1,2,3,4,5,6,7,8,9,10,11,12,13,14,15,16]	},
	{
		"ID":6,		"BoxIds":[17,18,19,20,21,22,23,24,25,26,27,28,29,30,31,32]	},
	{
		"ID":7,		"BoxIds":[1,2,3,4,5,6,7,8,9,10]	},
	{
		"ID":8,		"BoxIds":[11,12,13,14,15,16,17,18,19,20]	},
	{
		"ID":9,		"BoxIds":[21,22,23,24,25,26,27,28,29,30,31,32]	},
	{
		"ID":10,		"BoxIds":[1,2,3,4,5,6,7,8,9,10,11,12,13,14,15,16,17,18,19,20,21,22,23,24,25,26,27,28,29,30,31,32]	},
	{
		"ID":11,		"BoxIds":[1,2,3,4,5,6,7,8,9,10,11,12,13,14,15,16,17,18,19,20,21,22,23,24,25,26,27,28,29,30,31,32]	},
	{
		"ID":12,		"BoxIds":[1,2,3,4,5,6,7,8,9,10,11,12,13,14,15,16,17,18,19,20,21,22,23,24,25,26,27,28,29,30,31,32]	},
	{
		"ID":13,		"BoxIds":[1,2,3,4,5,6,7,8,9,10,11,12,13,14,15,16,17,18,19,20,21,22,23,24,25,26,27,28,29,30,31,32]	},
	{
		"ID":14,		"BoxIds":[1,2,3,4,5,6,7,8,9,10,11,12,13,14,15,16,17,18,19,20,21,22,23,24,25,26,27,28,29,30,31,32]	},
	{
		"ID":15,		"BoxIds":[1,2,3,4,5,6,7,8,9,10,11,12,13,14,15,16,17,18,19,20,21,22,23,24,25,26,27,28,29,30,31,32]	},
	{
		"ID":16,		"BoxIds":[1,2,3,4,5,6,7,8,9,10,11,12,13,14,15,16,17,18,19,20,21,22,23,24,25,26,27,28,29,30,31,32]	},
	{
		"ID":17,		"BoxIds":[1,2,3,4,5,6,7,8,9,10,11,12,13,14,15,16,17,18,19,20,21,22,23,24,25,26,27,28,29,30,31,32]	},
	{
		"ID":18,		"BoxIds":[1,2,3,4,5,6,7,8,9,10,11,12,13,14,15,16,17,18,19,20,21,22,23,24,25,26,27,28,29,30,31,32]	},
	{
		"ID":19,		"BoxIds":[1,2,3,4,5,6,7,8,9,10,11,12,13,14,15,16,17,18,19,20,21,22,23,24,25,26,27,28,29,30,31,32]	},
	{
		"ID":20,		"BoxIds":[1,2,3,4,5,6,7,8,9,10,11,12,13,14,15,16,17,18,19,20,21,22,23,24,25,26,27,28,29,30,31,32]	},
	{
		"ID":21,		"BoxIds":[1,2,3,4,5,6,7,8,9,10,11,12,13,14,15,16,17,18,19,20,21,22,23,24,25,26,27,28,29,30,31,32]	},
	{
		"ID":22,		"BoxIds":[1,2,3,4,5,6,7,8,9,10,11,12,13,14,15,16,17,18,19,20,21,22,23,24,25,26,27,28,29,30,31,32]	},
	{
		"ID":23,		"BoxIds":[1,2,3,4,5,6,7,8,9,10,11,12,13,14,15,16,17,18,19,20,21,22,23,24,25,26,27,28,29,30,31,32]	},
	{
		"ID":24,		"BoxIds":[1,2,3,4,5,6,7,8,9,10,11,12,13,14,15,16,17,18,19,20,21,22,23,24,25,26,27,28,29,30,31,32]	},
	{
		"ID":25,		"BoxIds":[1,2,3,4,5,6,7,8,9,10,11,12,13,14,15,16,17,18,19,20,21,22,23,24,25,26,27,28,29,30,31,32]	},
	{
		"ID":26,		"BoxIds":[1,2,3,4,5,6,7,8,9,10,11,12,13,14,15,16,17,18,19,20,21,22,23,24,25,26,27,28,29,30,31,32]	},
	{
		"ID":27,		"BoxIds":[1,2,3,4,5,6,7,8,9,10,11,12,13,14,15,16,17,18,19,20,21,22,23,24,25,26,27,28,29,30,31,32]	},
	{
		"ID":28,		"BoxIds":[1,2,3,4,5,6,7,8,9,10,11,12,13,14,15,16,17,18,19,20,21,22,23,24,25,26,27,28,29,30,31,32]	},
	{
		"ID":29,		"BoxIds":[1,2,3,4,5,6,7,8,9,10,11,12,13,14,15,16,17,18,19,20,21,22,23,24,25,26,27,28,29,30,31,32]	},
	{
		"ID":30,		"BoxIds":[1,2,3,4,5,6,7,8,9,10,11,12,13,14,15,16,17,18,19,20,21,22,23,24,25,26,27,28,29,30,31,32]	},
	{
		"ID":31,		"BoxIds":[1,2,3,4,5,6,7,8,9,10,11,12,13,14,15,16,17,18,19,20,21,22,23,24,25,26,27,28,29,30,31,32]	},
	{
		"ID":32,		"BoxIds":[1,2,3,4,5,6,7,8,9,10,11,12,13,14,15,16]	}
]